bhanu-lab, 
samaseniloraiot,
Karthikreddy22,
blackpanther409,
RajeshReddyG,
kuchechandana,
BhumikaReddy,
kothabalireddijaswanth,
Varun3grmgroupmember,
